easy level
984031072 610007000 257009800 300060010 000370920 009005000 030006000 045018096 196700280

medium level
940000701 008040090 073090080 600370014 005400007 004560009 000000200 000000138 280010000

hard level
010004060 080500042 000380100 002005004 070030080 030000000 090650073 700900000 005078006

expert
001600900 000001007 280040000 000080100 000300040 006007030 700900000 010000420 090005000

toughest sudoku on earth
800000000 003600000 070090200 050007000 000045700 000100030 001000068 008500010 090000400
